-8.4376949872e-15
0.0000000000e+00
-3.1086244690e-15
-5.4678483963e-15
2.3869795029e-15
-1.8041124150e-15
5.5511151231e-17
2.1094237468e-15
1.6000000000e+01
-1.5543122345e-15
-1.1102230246e-15
-7.7715611724e-16
-2.8033131372e-15
-6.1062266354e-16
-7.0776717820e-15
-7.4384942650e-15
3.8074784399e-16
-1.7763568394e-15
-5.0653925499e-15
-1.4432899320e-15
8.0000000000e+00
-6.4392935428e-15
-1.2490009027e-14
-1.1435297154e-14
8.9372953482e-15
-4.6629367034e-15
4.0523140399e-15
-3.2196467714e-15
-3.7192471325e-15
9.2148511044e-15
6.8833827527e-15
-5.0653925499e-15
-3.7747582837e-15
-4.0013864006e-15
5.9952043330e-15
1.6167622796e-14
1.5543122345e-15
3.6359804056e-15
6.6613381478e-16
5.0515147620e-15
2.0650148258e-14
4.4964032497e-15
-6.6613381478e-16
1.8984813721e-14
8.0000000000e+00
7.4440453801e-14
-2.1871393585e-14
5.5511151231e-16
-9.0793429363e-15
-5.3290705182e-15
-1.6348034038e-14
2.7977620221e-14
-6.8278716014e-15
-9.3813845581e-15
4.6462833581e-14
5.2735593670e-15
1.6000000000e+01
6.7279515292e-14
-7.5495165675e-15
-1.5765166950e-14
-6.3893335067e-14
-2.2926105459e-14
7.3274719625e-15
-6.4531713306e-15
