1.5000000000e+00
0.0000000000e+00
5.1576506500e-01
0.0000000000e+00
-3.5355339059e-01
0.0000000000e+00
-2.4516701493e-01
0.0000000000e+00
-1.0000000000e+00
0.0000000000e+00
-1.1690465474e+00
0.0000000000e+00
3.5355339059e-01
0.0000000000e+00
8.9844849737e-01
0.0000000000e+00
5.0000000000e-01
0.0000000000e+00
8.9844849737e-01
0.0000000000e+00
3.5355339059e-01
0.0000000000e+00
-1.1690465474e+00
0.0000000000e+00
-1.0000000000e+00
0.0000000000e+00
-2.4516701493e-01
0.0000000000e+00
-3.5355339059e-01
0.0000000000e+00
5.1576506500e-01
0.0000000000e+00
1.5000000000e+00
0.0000000000e+00
5.1576506500e-01
0.0000000000e+00
-3.5355339059e-01
0.0000000000e+00
-2.4516701493e-01
0.0000000000e+00
-1.0000000000e+00
0.0000000000e+00
-1.1690465474e+00
0.0000000000e+00
3.5355339059e-01
0.0000000000e+00
8.9844849737e-01
0.0000000000e+00
5.0000000000e-01
0.0000000000e+00
8.9844849737e-01
0.0000000000e+00
3.5355339059e-01
0.0000000000e+00
-1.1690465474e+00
0.0000000000e+00
-1.0000000000e+00
0.0000000000e+00
-2.4516701493e-01
0.0000000000e+00
-3.5355339059e-01
0.0000000000e+00
5.1576506500e-01
0.0000000000e+00
