2.711070 0.000000
1.319597 0.180825
1.654613 0.099794
1.761875 0.939182
1.421462 1.277956
1.243676 -14.404947
0.726024 1.713299
0.347214 1.345839
-0.154380 1.766150
-0.314198 2.145886
-0.477593 1.717211
-0.981452 0.576421
-1.319242 1.382816
-1.633653 0.834367
-2.242124 1.464586
-2.249780 1.123570
-1.207310 0.000000
-2.249780 -1.123570
-2.242124 -1.464586
-1.633653 -0.834367
-1.319242 -1.382816
-0.981452 -0.576421
-0.477593 -1.717211
-0.314198 -2.145886
-0.154380 -1.766150
0.347214 -1.345839
0.726024 -1.713299
1.243676 14.404947
1.421462 -1.277956
1.761875 -0.939182
1.654613 -0.099794
1.319597 -0.180825
