-0.00913 0.00000
0.94157 0.00000
0.92861 0.00000
0.19032 0.00000
-0.60131 0.00000
-1.10448 0.00000
-0.12296 0.00000
0.51791 0.00000
1.01673 0.00000
0.53155 0.00000
-0.20023 0.00000
-1.05693 0.00000
-0.65761 0.00000
0.25185 0.00000
0.91217 0.00000
0.90736 0.00000
0.05421 0.00000
-0.87379 0.00000
-0.75513 0.00000
-0.17124 0.00000
0.83333 0.00000
1.05758 0.00000
0.41800 0.00000
-0.55341 0.00000
-0.88688 0.00000
-0.53694 0.00000
0.27953 0.00000
1.01433 0.00000
0.54941 0.00000
-0.17082 0.00000
-1.00686 0.00000
1.01433 0.00000